      -10.33298      109.17112        6.81260        5.01844      121.65860      288.94000       10.35000
      -10.28919      109.04183        6.81260        4.31652       80.93857      288.94000       10.35000
      -10.24541      108.91254        6.81260       48.94745       85.43047      288.94000       10.35000
      -10.20162      108.78325        6.81260        3.60585      101.68500      288.94000       10.35000
      -10.15784      108.65396        6.81260        0.86479       67.04596      288.94000       10.35000
      -10.11405      108.52467        6.81260        0.96921       99.45411      288.94000       10.35000
      -10.07027      108.39538        6.81260        0.62447       71.54340      288.94000       10.35000
      -10.02648      108.26609        6.81260        0.02449       99.44887      288.94000       10.35000
       -9.98270      108.13680        6.81260        2.71502      119.63240      288.94000       10.35000
       -9.93891      108.00751        6.81260        0.57000      114.25760      288.94000       10.35000
       -9.89513      107.87822        6.81260       14.54725      112.71920      288.94000       10.35000
       -9.85134      107.74893        6.81260       31.66312      107.26750      288.94000       10.35000
       -9.80756      107.61964        6.81260        2.74176       85.79224      288.94000       10.35000
       -9.76377      107.49035        6.81260        3.35868       78.97166      288.94000       10.35000
       -9.71999      107.36105        6.81260       67.95367       64.89334      288.94000       10.35000
       -9.67620      107.23177        6.81260       62.33453       65.43832      288.94000       10.35000
       -9.63242      107.10248        6.81260       35.33318       66.90181      288.94000       10.35000
       -9.58863      106.97318        6.81260        1.75233      101.93900      288.94000       10.35000
       -9.54485      106.84389        6.81260       40.63542       81.77631      288.94000       10.35000
       -9.50106      106.71461        6.81260       84.20831       68.95723      288.94000       10.35000
       -9.45728      106.58531        6.81260       25.12981       66.62241      288.94000       10.35000
      -10.24093      109.20313        8.78887        0.68254       88.79068      288.94000       10.35000
      -10.19714      109.07384        8.78887       30.70282       97.90491      288.94000       10.35000
      -10.15336      108.94455        8.78887       76.07102       99.93182      288.94000       10.35000
      -10.10957      108.81525        8.78887        0.56201       79.59160      288.94000       10.35000
      -10.06579      108.68597        8.78887        0.95023      114.32920      288.94000       10.35000
      -10.02201      108.55668        8.78887       64.78191      121.81120      288.94000       10.35000
       -9.97822      108.42738        8.78887       81.31910      105.21240      288.94000       10.35000
       -9.93443      108.29810        8.78887      137.60680      121.72020      288.94000       10.35000
       -9.89065      108.16881        8.78887       85.81732       88.13734      288.94000       10.35000
       -9.84686      108.03951        8.78887       30.61069       80.38488      288.94000       10.35000
       -9.80308      107.91022        8.78887       60.08308      113.75000      288.94000       10.35000
       -9.75929      107.78094        8.78887       46.98381       96.25403      288.94000       10.35000
       -9.71551      107.65164        8.78887       21.69421       80.82516      288.94000       10.35000
       -9.67173      107.52235        8.78887       11.01957      112.63110      288.94000       10.35000
       -9.62794      107.39307        8.78887       27.85978       75.88463      288.94000       10.35000
       -9.58416      107.26377        8.78887        5.96505       77.66200      288.94000       10.35000
       -9.54037      107.13448        8.78887        3.85634       83.57522      288.94000       10.35000
       -9.49658      107.00520        8.78887        3.23158      113.73070      288.94000       10.35000
       -9.45280      106.87590        8.78887       29.89915      116.10890      288.94000       10.35000
       -9.40902      106.74661        8.78887       65.25044       72.60931      288.94000       10.35000
       -9.36523      106.61732        8.78887       19.62932       65.99193      288.94000       10.35000
      -10.14888      109.23514       10.76514       20.60663      124.43320      288.94000       10.35000
      -10.10510      109.10584       10.76514       69.91051      122.64720      288.94000       10.35000
      -10.06131      108.97655       10.76514       63.10052       99.23547      288.94000       10.35000
      -10.01753      108.84727       10.76514        0.63700       74.09311      288.94000       10.35000
       -9.97374      108.71797       10.76514        1.02761      117.53560      288.94000       10.35000
       -9.92996      108.58868       10.76514       85.54328      123.64950      288.94000       10.35000
       -9.88617      108.45940       10.76514      167.18620      104.56840      288.94000       10.35000
       -9.84239      108.33010       10.76514      202.60880      122.12460      288.94000       10.35000
       -9.79860      108.20081       10.76514      144.76970       81.50333      288.94000       10.35000
       -9.75482      108.07152       10.76514       53.97212       72.84430      288.94000       10.35000
       -9.71103      107.94223       10.76514       79.21021       98.66053      288.94000       10.35000
       -9.66725      107.81294       10.76514       82.95619       80.81979      288.94000       10.35000
       -9.62346      107.68365       10.76514      119.13390       74.36982      288.94000       10.35000
       -9.57968      107.55436       10.76514       95.90159      116.24710      288.94000       10.35000
       -9.53589      107.42507       10.76514       36.94965      102.32060      288.94000       10.35000
       -9.49211      107.29578       10.76514        0.28681       81.49704      288.94000       10.35000
       -9.44832      107.16649       10.76514        8.06018       98.40840      288.94000       10.35000
       -9.40454      107.03720       10.76514        3.02927      116.89820      288.94000       10.35000
       -9.36075      106.90791       10.76514       10.73559       74.60908      288.94000       10.35000
       -9.31697      106.77862       10.76514       57.94233       75.39254      288.94000       10.35000
       -9.27318      106.64933       10.76514       60.97223       64.77096      288.94000       10.35000
      -10.05684      109.26714       12.74141       21.97392      121.10740      288.94000       10.35000
      -10.01305      109.13785       12.74141       74.47045      119.75060      288.94000       10.35000
       -9.96927      109.00856       12.74141       17.25334      124.09410      288.94000       10.35000
       -9.92548      108.87927       12.74141       14.38904       87.41515      288.94000       10.35000
       -9.88170      108.74998       12.74141        3.03040      106.36440      288.94000       10.35000
       -9.83791      108.62069       12.74141        8.97587      101.53580      288.94000       10.35000
       -9.79413      108.49140       12.74141      114.85160      115.94270      288.94000       10.35000
       -9.75034      108.36211       12.74141       91.90382      115.95240      288.94000       10.35000
       -9.70656      108.23282       12.74141       64.72478      100.08050      288.94000       10.35000
       -9.66277      108.10353       12.74141       17.30368      123.06770      288.94000       10.35000
       -9.61899      107.97424       12.74141       57.09099       68.20686      288.94000       10.35000
       -9.57520      107.84495       12.74141       64.81193       79.84035      288.94000       10.35000
       -9.53142      107.71566       12.74141      131.04410       76.45924      288.94000       10.35000
       -9.48763      107.58636       12.74141      112.11020       99.51801      288.94000       10.35000
       -9.44385      107.45708       12.74141       60.23628       97.77266      288.94000       10.35000
       -9.40006      107.32778       12.74141      126.96870       80.27277      288.94000       10.35000
       -9.35628      107.19849       12.74141       63.39000       65.00801      288.94000       10.35000
       -9.31249      107.06921       12.74141        0.52621       94.79313      288.94000       10.35000
       -9.26871      106.93991       12.74141        1.52171       66.78681      288.94000       10.35000
       -9.22492      106.81062       12.74141       10.96743       81.94861      288.94000       10.35000
       -9.18114      106.68134       12.74141        2.38062      123.04830      288.94000       10.35000
       -9.96479      109.29915       14.71768       22.40949      123.90350      288.94000       10.35000
       -9.92100      109.16986       14.71768       48.62879      115.45630      288.94000       10.35000
       -9.87722      109.04057       14.71768        5.99559       83.81007      288.94000       10.35000
       -9.83343      108.91128       14.71768        7.22945      123.80940      288.94000       10.35000
       -9.78965      108.78199       14.71768        0.10031       93.40998      288.94000       10.35000
       -9.74586      108.65269       14.71768        0.36991       69.37087      288.94000       10.35000
       -9.70208      108.52341       14.71768      104.18760      123.83230      288.94000       10.35000
       -9.65829      108.39411       14.71768       46.12533       95.97049      288.94000       10.35000
       -9.61451      108.26482       14.71768        0.28679       89.56866      288.94000       10.35000
       -9.57072      108.13554       14.71768        2.06597       80.14312      288.94000       10.35000
       -9.52694      108.00624       14.71768       30.55070       66.23147      288.94000       10.35000
       -9.48315      107.87695       14.71768       73.72994       87.91253      288.94000       10.35000
       -9.43937      107.74767       14.71768      112.90700       92.28181      288.94000       10.35000
       -9.39558      107.61837       14.71768       74.73608       86.51558      288.94000       10.35000
       -9.35180      107.48908       14.71768      121.73820       64.68654      288.94000       10.35000
       -9.30801      107.35979       14.71768      231.20940       65.50779      288.94000       10.35000
       -9.26423      107.23050       14.71768       96.55727       87.01543      288.94000       10.35000
       -9.22044      107.10121       14.71768       28.29534      122.55670      288.94000       10.35000
       -9.17666      106.97192       14.71768        0.84110       70.21989      288.94000       10.35000
       -9.13287      106.84263       14.71768        7.99213       87.51706      288.94000       10.35000
       -9.08909      106.71334       14.71768        1.33281       96.33266      288.94000       10.35000
       -9.87274      109.33115       16.69394       43.31154      121.79150      288.94000       10.35000
       -9.82896      109.20187       16.69394       87.17052      124.49750      288.94000       10.35000
       -9.78517      109.07257       16.69394       61.47630       87.10537      288.94000       10.35000
       -9.74139      108.94328       16.69394       31.53286       70.58137      288.94000       10.35000
       -9.69760      108.81400       16.69394        0.70628       65.17896      288.94000       10.35000
       -9.65382      108.68470       16.69394        5.74160       87.70702      288.94000       10.35000
       -9.61003      108.55541       16.69394       93.47714      107.32000      288.94000       10.35000
       -9.56625      108.42612       16.69394       93.55753       85.39201      288.94000       10.35000
       -9.52246      108.29683       16.69394       47.25525       74.24297      288.94000       10.35000
       -9.47868      108.16754       16.69394       24.65230      124.20110      288.94000       10.35000
       -9.43489      108.03825       16.69394       35.63115       71.78733      288.94000       10.35000
       -9.39111      107.90896       16.69394       25.11757       75.27779      288.94000       10.35000
       -9.34732      107.77967       16.69394       68.15302      107.42980      288.94000       10.35000
       -9.30354      107.65038       16.69394       24.66007      112.77880      288.94000       10.35000
       -9.25975      107.52109       16.69394        0.50688       79.86887      288.94000       10.35000
       -9.21597      107.39180       16.69394      119.92850       75.03103      288.94000       10.35000
       -9.17218      107.26250       16.69394       77.08335      110.83160      288.94000       10.35000
       -9.12840      107.13322       16.69394       31.65430      123.83060      288.94000       10.35000
       -9.08461      107.00393       16.69394       11.42768       66.47282      288.94000       10.35000
       -9.04083      106.87463       16.69394       33.80650      115.65650      288.94000       10.35000
       -8.99704      106.74535       16.69394       39.47481       65.15574      288.94000       10.35000
       -9.78069      109.36316       18.67021       35.42621      111.95830      288.94000       10.35000
       -9.73691      109.23387       18.67021      103.05030      124.62650      288.94000       10.35000
       -9.69312      109.10458       18.67021      101.38220      122.70620      288.94000       10.35000
       -9.64934      108.97529       18.67021       76.76701       68.20042      288.94000       10.35000
       -9.60556      108.84600       18.67021       10.71945       77.79713      288.94000       10.35000
       -9.56177      108.71671       18.67021        1.32449      100.72950      288.94000       10.35000
       -9.51799      108.58742       18.67021       37.46857      124.59330      288.94000       10.35000
       -9.47420      108.45813       18.67021      118.99580      100.38000      288.94000       10.35000
       -9.43042      108.32883       18.67021       79.62616       91.56905      288.94000       10.35000
       -9.38663      108.19955       18.67021       97.61735      109.86430      288.94000       10.35000
       -9.34285      108.07026       18.67021       87.67753       87.57239      288.94000       10.35000
       -9.29906      107.94096       18.67021       15.14859       64.75201      288.94000       10.35000
       -9.25528      107.81168       18.67021       82.60960       71.66805      288.94000       10.35000
       -9.21149      107.68239       18.67021       66.06397       98.55843      288.94000       10.35000
       -9.16771      107.55309       18.67021        0.43085       67.81042      288.94000       10.35000
       -9.12392      107.42381       18.67021       35.30429      124.04570      288.94000       10.35000
       -9.08014      107.29452       18.67021       59.17323      124.55130      288.94000       10.35000
       -9.03635      107.16522       18.67021       15.23214       66.82615      288.94000       10.35000
       -8.99257      107.03593       18.67021       28.10358       76.08198      288.94000       10.35000
       -8.94878      106.90664       18.67021       48.09923      124.24450      288.94000       10.35000
       -8.90500      106.77735       18.67021       42.38682      124.42850      288.94000       10.35000 